MAE: 0.3498285304683942
MAPE: 811517403091408.5
MSE: 0.764559616403778
R2: 0.2277132702846294
RMSE: 0.8743909974398055
SMAPE: .nan
