MAE: 0.2767616284588947
MAPE: 550420070371627.8
MSE: 0.5624983171170244
R2: 0.43181672628745493
RMSE: 0.7499988780771771
SMAPE: .nan
