MAE: 0.3598320526218106
MAPE: 842882197399698.2
MSE: 0.8020454832804009
R2: 0.18984854800585838
RMSE: 0.8955699209332574
SMAPE: .nan
