MAE: 0.28403371572494507
MAPE: 596719402221568.0
MSE: 0.5653080344200134
R2: 0.4289786219596863
RMSE: 0.7518696924467786
SMAPE: .nan
